0 0.6237745098039214 0.8363970588235294 0.19117647058823528 0.22058823529411767
0 0.7604166666666665 0.6838235294117646 0.0625 0.16176470588235298
0 0.8517156862745097 0.65625 0.08088235294117652 0.14705882352941166
0 0.9381127450980391 0.6240808823529411 0.06495098039215691 0.12316176470588232
0 0.9883578431372547 0.6498161764705881 0.020833333333333287 0.10110294117647058
0 0.5183823529411764 0.6011029411764707 0.06862745098039212 0.0882352941176471
0 0.5974264705882352 0.5450367647058824 0.07965686274509806 0.07536764705882355
0 0.3370098039215686 0.660845588235294 0.11764705882352942 0.1378676470588234
0 0.22120098039215683 0.6222426470588235 0.0772058823529412 0.09375
0 0.08517156862745097 0.6204044117647058 0.06985294117647058 0.0974264705882353
0 0.023284313725490193 0.6029411764705883 0.02941176470588235 0.07352941176470587
0 0.15257352941176466 0.6139705882352942 0.05024509803921566 0.12500000000000008
