0 0.6195328031809144 0.6381709741550696 0.19458250497017893 0.2783300198807158
0 0.21638916500994032 0.6988071570576541 0.41488568588469177 0.34791252485089463
0 0.12245278330019879 0.3767395626242545 0.23595924453280315 0.17693836978131217
0 0.37742296222664007 0.24353876739562622 0.13531312127236583 0.220675944333996
0 0.632952286282306 0.40159045725646125 0.22813121272365808 0.17892644135188862
0 0.6256833996023853 0.2256461232604371 0.09058151093439343 0.14910536779324016
0 0.522241550695825 0.10934393638170974 0.12524850894632195 0.09145129224652089
0 0.959493041749503 0.2415506958250497 0.06486083499005972 0.21272365805168988
0 0.8616426441351888 0.057654075546719676 0.04808648111332005 0.08349900596421471
0 0.6815979125248509 0.09244532803180915 0.04137673956262418 0.07355864811133202
0 0.6083499005964215 0.032803180914512925 0.03578528827037772 0.04572564612326044
0 0.10008697813121271 0.15009940357852883 0.0816351888667992 0.10536779324055667
0 0.30305666003976145 0.0805168986083499 0.07157057654075544 0.0775347912524851
