0 0.9195772058823529 0.5248161764705883 0.10753676470588232 0.12316176470588232
0 0.6024816176470588 0.6433823529411765 0.06341911764705883 0.11397058823529406
0 0.709329044117647 0.5726102941176471 0.1227022058823529 0.10110294117647058
0 0.6031709558823529 0.5174632352941176 0.05101102941176471 0.07904411764705883
0 0.4990808823529412 0.5606617647058824 0.07169117647058826 0.09191176470588232
0 0.40877757352941174 0.5762867647058824 0.0758272058823529 0.07904411764705892
0 0.33088235294117646 0.5579044117647058 0.0523897058823529 0.10110294117647058
0 0.4308363970588235 0.5009191176470589 0.04825367647058826 0.04595588235294116
0 0.1847426470588235 0.5680147058823529 0.06341911764705883 0.0992647058823529
0 0.1261488970588235 0.5349264705882353 0.039981617647058806 0.06985294117647058
0 0.03170955882352941 0.6231617647058824 0.0551470588235294 0.14705882352941174
